6183773529
7104448096
6191316489
6041412275
1309439491
7250233115
5904313459
6167155709
1809750022
6307409943
6645242544
6703637638
7411713526
6090688987
5964027138
6706268613
1339696036
1727065477
6414059949
1549831164
6953499691
7316255289
1928792848
6450967817
6467281040
6162058214
7353559881
7024584896
7390609262
7253607246
7203356694
7455652065
5398853172
1918397708
5925467898
5187282387
6045906368
6510025350
1411864329
7499666979
6810250530
7195189529
7034015207
5763279994
7417895849
6218906969
5349091019
1352965942
5519137705
5570513138
6740664944
5830635909
7159642914
1493251574
5443726600
1316516749
6898278660
6185636216
6110476781
6144278280
1294683210
6269672930
6588134952
7351229342
1955031391
5529662592
1226978003
6093227570
6258335622
5427404353
7244421111
6314066171
5925140179
6775647250
7313947309
5005958304
7325466801
5801099374
6292936302
5610429022
5927610081
6913280745
1087968824
7474029915
6055924840
6800686102
6825952353
7175072227
1965200452
7445923635
2047559045
2021159407
6515240994
6655098297
6145397223
6566111538
6349037423
7390699028
6192072909
7309880417
6675877112
6452598637
6219652394
6862247055
7286160858
6513790034
6603914461
6793294554
6641593456
5807022369
6926714543
6721088861
1355490482
6518854164
6632677860
6623430146
6418003653
7148744768
5427586493
5705804340
6338482043
1095119921
5553379983
5793842939
6967056425
5410961322
7456636514
6190237349
1746071951
5542435148
6410515220
7177991589
7198079643
7244938544
1213642508
1070080573
5127538135
1606642116
6414439475
7203142696
7110832879
6660736046
7128642085
1074457354
5047899651
136817688
6740038496
1465134039
5717033620
7156600298
7089302541
5248800774
6666951288
6744649251
1760135305
5416992836
6827958781
5334947549
5986360923
1742989288
5603880097
5056726472
6023552752
5892312334
6229362267
7371479311
6659500401
5296049431
5128472441
6826817945
5572619384
6741663496
1879985162
6341413714
1767134936
6287390646
6010158471
6263008363
7049161342
5847318961
5807170150
6734370440
6107660470
5803520894
7218644999
7115228005
5591219776
7484576988
7207141432
5978035964
6267092828
1453024249
1652892323
6843622237
5940921337
5072622433
6445515457
7099258344
1351486177
6885858256
6439761904
6699497237
5832515214
6217047654
6652789254
6493634962
6940522787
5962875584
7279174874
6663985875
6628009080
5755653351
6474964984
7107489891
6781395806
1975580659
7128450567
7474176638
6013330285
5630370326
1411005498
6138639853
5339994017
6424935108
6987786279
6371265302
6014846970
7235149718
6996903077
7200969700
5576276117
6553590878
5205812787
7418113522
5810025364
1416663564
5833831338
6184169445
6478428969
6156896141
5760895629
6026820973
7198200074
5062192514
7316409110
6609204706
5658307601
6863319940
5758982807
6700297197
5380841402
1882262683
5209219858
5731788644
5975666583
2009731265
7485539861
6730721206
5441884580
2005179729
6281572796
6988614508
6407749086
1275594826
5488066964
6620659436
6062888868
6678473804
7307878729
6637561620
6166524024
6455480225
5120031825
5585693976
5863007802
6555617995
1340421910
6317945463
6016358844
5716374384
2011778936
6242125178
5301572011
5645104080
6765325739
6463391401
6202193737
5525324142
5340394045
7395037199
6106665470
6272494284
6204621243
5987263922
6787673110
6099047298
6324435961
6622328833
7204948847
5673307623
7285681667
6291128898
6026272042
6401048361
6674068927
5992046247
6589774374
6424170014
6602224920
6724521147
6213715900
5759058213
6159271669
1767155009
7367075155
5006123293
6705848435
5819012228
5417641306
7121455577
1544685267
6684066799
5316048641
5599227756
6737349291
7457255434
6194663743
6706240360
5356196717
7194477589
5885380193
5911317554
7034253436
5230613520
7049463040
6346769377
5393833046
6476872874
5160792673
6247446517
6110266480
2024014654
7177630740
1698616440
6742561109
6196617739
6596808752
5979163696
6022236328
5795016077
7165740968
6885522791
5694591401
5879608115
5881862464
6760923683
7356613684
6574687690
6754077442
7005796687
5850570441
6733984647
7089498768
5141645174
7424476197
5757246319
6893783981
6449566780
7468483507
5009737950
6473193539
7229623150
7436995277
5751306832
5481492197
6420162858
1916045684
6918099407
6377444215
1631466449
6817678430
5789545553
6265772275
7292707079
6163678773
5954921838
5212100519
6709397059
5727631955
6504221267
7194393682
6124135398
7062118327
1387367365
1227904780
5167667910
5332703837
7264801294
6886801007
6574060333
2039385919
5762868699
1694661268
5082103271
5265109324
6496953995
6429699189
6301232420
5710153671
6729597889
1511683334
6254639331
6524630088
6081963806
5076396874
6875904166
6078557331
6363049084
5749063133
1539091053
6147917822
6799326497
6510287034
6234429451
7294497945
1882384954
7288256003
7326671022
6501961437
6206055438
6107451414
6517165736
5832985487
5275778079
7165282450
7462351545
6593156789
5888069043
7065228177
5287169430
6670711683
6951639947
7485165120
5868701082
1380830667
1887268803
5877942956
6199494437
5676548869
6241590270
7159050012
6088934782
5532699390
1644096781
1838989846
6516007774
5137183511
6881473975
6370289378
7204391418
5491185651
6416867574
7546797085
6907288536
6614880954
5879415993
2076346630
7413258894
6531062764
1017478678
6461675088
7044032998
6275377505
7239940870
5251695228
6460202397
5787495588
7194382499
6246247639
5920738043
7076507223
5467033217
5059946636
6279367614
5706530352
7309308575
6694546349
6944075151
7214322374
6962624786
7316971317
2108932534
5249409559
5930955193
6930279613
5297925247
1740837289
5997978464
6574619586
5915940647
5924107617
5010137468
5678318969
7155695039
6010571541
5344093273
6514597447
7336320375
6088783910
6577109034
7050667149
6552668868
7364334370
5292948913
5754754857
6016190354
6593610568
1875405227
6911454784
6301722338
5938670667
5218219334
6054866965
5006560743
6509752550
6729024137
6434249192
5655957879
964215379
6854581266
6658740769
7152283770
5947428849
5926345802
7065005196
6656537546
6984649382
5010688708
6162278886
2125823712
1116170569
6942523685
7054218568
6323708541
6642539909
6795275712
5666132180
5128361452
7311173799
6493031327
7237134326
5835064594
7360932936
1465565513
5942305741
5998930231
5584501881
6398598192
6124359598
1967191371
1301827550
6730969710
6622675214
1474808499
7366853321
5159054307
5728661658
7450383515
5879421791
6538993866
6015043762
6413193969
6267674324
7145966258
1831250808
5033948412
5271656827
5786257344
5362157382
5208306573
6655393111
7081900358
5977559801
6931108710
1120593508
5900479234
6161136271
1819916174
6297577246
7520115952
1119536718
1856373992
6302205267
1694126164
1629899362
7173350211
6386754862
1936928637
1737775413
7049026717
5673018142
1122905699
5670939241
6977047731
6898284300
6832053272
902499705
5501479671
1904254973
7191916941
5288413698
5020592521
6190072344
7031169618
7455780768
7178634468
6577157481
7160445325
7518980506
6042359976
6845153132
6330609747
7440623535
7425528117
5800829448
5171725614
5727255022
5860612403
2139611269
7156945361
6994078738
5960640684
7068801411
5383218754
1429381573
5726355204
7389238172
6466665785
7246256632
2085390403
6107689529
6430229040
5510284786
5512658329
6944859637
6957188613
5023946488
6356176869
6511311009
7487079915
6239906967
5643517745
6005383163
6060173232
5078576889
5471661264
6432716317
7367382141
7039925988
6505389715
6268462407
6285056864
6144864809
6538991121
7022120111
5836693012
5991051354
7306678459
5817790527
7306311094
7311958747
7545350124
7078389098
6067089842
1807098432
5373280719
1545321112
7304154418
5615254494
6021729102
679517087
5284038582
234365330
6092446815
508940556
5302932875
7386969624
7351511435
7524630620
6526186802
7303656844
5827075870
1495060469
2042398186
6438995811
7075235330
5714726688
1812589276
5859386375
5515604033
5547542616
1133900215
5787162271
7024217802
6987451103
7164871706
6980042268
7710328111
1524960617
6988291212
5289863467
6856094189
7275600311
7159838511
2019138036
5900196208
6932152795
5998072914
5862375455
1963270416
6945811082
5755846702
7324777670
7165320389
7350232490
6539340367
5321947229
5606236296
5154585995
6425395177
6420780215
7385052232
6422384040
6634334760
6392641726
7459212416
7614343083
7361075540
6184580281
6695815723
6594651005
1215399947
7340421857
5841780482
6035300820
7609574248
6716943969
6582155795
5493189317
7138112196
6149470242
7477803287
5768800067
7858051416
7082048829
1347986137
7405759879
1037348887
6522951892
7181092282
6143989902
7400342521
5610333324
6461837709
6473185041
6916243396
7182627712
5840860741
5875913007
7386021893
6153792747
2075245468
1421728699
5351605897
6276884656
6327210709
8145119179
7429301636
7349465496
1484024195
1445018055
7199868125
6939045543
7472684036
1076695094
7077383425
6754949957
7846970012
7280325412
5315278779
6625870091
5940944598
5867244564
6199338370
5930954134
1352617337
6457768331
6396635017
5453502717
5776688600
6149111905
5382463421
6220875411
5486889340
7579354912
5308830020
1883438008
6520975859
7366863623
920603695
6286491591
1013108572
5358382212
1762865106
6717068562
5194414471
6203180560
5576280748
5621003406
5232300121
6410463278
6151615698
7798800943
5337919469
6316339509
5416909331
5700841176
7501699548
6453897504
6043319169
5986067824
1612634510
6000269132
6105104384
5694383262
2087246376
6559391544
5768637827
6560216272
7103770217
5609984141
7280950990
6684486336
7514882708
2093426600
7488049219
6445374482
5115986787
1036454388
7931477787
6403511108
5075207650
7457188788
6185889046
6147233053
5890367903
7051469404
5618936860
7106649098
6959574601
5232997640
6713405764
5550342899
6379072499
7617746831
6908562632
7575061046
6612574706
6457278156
5669139048
6829705568
7885334197
6965188415
6584606680
1185724089
7797048239
7288928848
6916187158
7868704737
6887723105
6784733352
6171223349
6735510251
5323624550
1870717002
6447429922
7385052957
6300918055
6703393471
6026936239
5973193673
6088540021
1851215734
6714909263
5919501607
6465167602
5814540960
7395394289
6159710875
7260667226
7135154169
5109602237
6669214801
5962185135
6064141061
6567775007
7118902178
6352157579
7447174477
5727716227
5448277197
5705407130
5389167029
6657200378
5811973043
6804172521
7052506881
6979400982
6961892176
6885997693
7299395787
7184994707
7880887295
6976572474
5907782166
1910287927
7109764427
6811469224
5711438743
6179683498
5488500754
5753113167
5609231079
7167840902
7344385052
6830127390
5701653468
6097297896
8190864926
6156028356
6811486592
6526110592
7521166281
5324607675
5968002755
6537753251
6407787282
7505290243
827532073
1854508700
1824323177
5820769333
7321709338
6542721499
6772271598
6047504804
5292177498
6115854448
5999561242
1245375659
7063648619
5869551675
6337301613
7479283749
6266274595
6132040033
1183272367
6651785083
6266348511
5401857112
1826357263
2083569963
7462047409
6207945928
7394465086
7487143316
7165601304
7232208345
6611890042
7456026084
5636351073
6194532358
1928268176
1617972326
5245936610
1118477294
6428209057
7241376605
6040727763
5960147807
7645162589
5428180135
1873916756
6904977608
7039814308
5358864113
5934887332
5943816886
5913000710
6251066631
6860181822
6603573458
5332926192
8032614507
6893441498
5528894074
5717299519
7037219459
2100190422
5769406456
6001061815
6506083064
5588906624
6390395572
1980379016
6076792466
7127764645
1800659658
7131596119
6014791123
7943110233
7076187612
6902925760
6052773733
1633111570
1174962626
5894849556
5837509883
6768981670
6352001869
6825658622
6280461084
1848404177
6949419566
6662952549
5870780209
7932322036
6615001946
7544454028
8074734581
5762785325
6540090956
6299534292
1936690529
6875982559
6448964145
6221468915
6362511234
5534083191
7489828824
6618282858
5998296988
6026299082
5980885576
769748540
5686333496
5939924341
1408487422
1478164858
5550544389
7238852549
6806975670
6471531394
6704961475
5229903776
7424801773
6920427022
5834777944
1657308440
7410180112
7042896812
7300473720
5925943247
7058965737
7014686554
7232283693
6789941030
1528193545
6442590092
5009207420
5630043485
1794793374
7858040719
7676230957
6161357080
6406464984
5407167037
6907177703
6128936863
5863033771
7350039116
6466154799
6414852587
1357211776
7678475594
7561259244
1276281476
5799660039
8053139849
2094249077
5946128660
7161380346
7645068330
7879000611
1581115166
6600947001
7392562687
6310704870
6324944413
6679010265
2120279222
6722740361
6192259156
1793285918
6549513491
6030427232
7249744510
7374142432
1352613238
1821190441
1988347434
7403400553
7613490035
6229865146
5352368979
6700784717
5165163370
6444602878
5530787778
5543909964
6873312015
6121631996
7449690585
6563599433
5679783611
5401848734
7874973712
7046589188
5066264920
6391017536
6918542705
6645651833
7078134562
6589490428
7499534238
6342346008
7101883262
7106355900
5936615459
6661973268
7006090967
7453420901
6388183975
5567097447
6361823086
1909304429
1734667264
5646521042
7697013432
5465841838
6294768523
7176766178
5983381057
6382260964
6488741867
6012412415
1324165754
6744013335
5210028118
7149620452
6245448914
6610847252
5486219610
5349899061
6712711252
7350988661
5410410884
6060304313
6076267618
6224049366
6443844289
6235834998
6351516676
6038937368
6075523230
6402736298
7050179936
1804258997
5977245616
6069553412
1361691943
5016809626
6417730829
7393449288
6521961389
1888617765
6642782992
6121416784
5998655851
7513263517
1961983396
6877367966
1004469689
5399829310
663765736
5531097625
6774892962
6715589463
1953879957
6283803676
6941496986
5994109543
7177069340
6151311780
6349400329
6817517460
1072946134
6039627123
2069076273
8100703719
5576946818
5010393476
7194252871
1570839460
6004619115
6504982069
6827291977
1704640881
6877585243
6832527401
7615211252
5016657340
6202154736
6951192791
1804879373
6252472502
6336418862
6132421133
6908472091
6813357819
7284406480
6173748499
6048560230
1426823357
7211995796
6649662846
6727594436
6032695174
1830820509
7441347570
5504962776
2012861306
6038648718
8100112657
6362350522
5720858051
7497707717
5922609642
6684298335
7710679555
5984545990
7119486602
7124736901
6094363238
6747186990
7153030981
6627790128
6069269853
7255529685
6674525509
6543961872
7455503070
6951205647
7681726325
6314356138
1917551163
6657303816
6634230186
6035523795
2102111052
1781347689
6181570567
7590450931
7318306180
6526319659
1227408941
6384721097
5695438318
7947995219
6265914413
2055589004
1327535866
5160043357
7454822865
7049817168
5453119874
7078162235
5912037533
6238714884
1950577113
6414155173
7862989979
6652287427
1611922940
6662988099
7069459130
6512242172
5284940434
6720234287
7610738116
7788213048
6612663217
7715323860
7260340978
6902146046
7855446598
7094174264
6088920416
6640690681
1847144158
6351562673
7496340242
6078851682
6558388184
7251462999
6127646960
7090847666
6857353199
1942540029
6718419859
6694488078
5952519099
7371243430
6977157226
1534801233
6282326350
5752632824
6425409271
6366883448
6785241479
6893463477
5963597117
7432137437
5817977061
6303957426
6498787019
5495752582
7706504089
6021015827
7677210008
1936710341
7615646697
7097356083
5834881576
5311284262
5621481813
5284438265
7481510842
6065312425
7018692124
5868871465
7311113865
6096314536
6001307306
7221526650
7939137740
7351151246
5985668836
5936313954
7126537329
1972715808
6046439542
6363841094
7618983456
6974917158
7462501600
7263924514
7900424615
6971864220
5592346903
6292509914
5278151578
5857963796
5305581908
8149098292
6810091289
7159160546
7267051627
5654893522
1756602519
6041770155
6423708590
8018508878
6358674044
5628373975
5612556460
5871388988
1831118634
6833435948
7138466711
5017417716
7604571829
5010436377
7486893398
5674246470
5595240637
6096930810
7009413119
5900524744
6707128331
7171742305
2105277993
7404774408
7573306660
6411488124
7672652578
7391076030
7463364081
5824499686
1725301348
7814498548
5526939020
6367788804
1706169162
7003995786
5465600524
7329293511
5783784913
6016016725
5036037342
6464171251
7248175844
5028475891
6812133424
5407373063
7039457226
5762785751
7499482908
6795051847
2094598370
6373985787
895621342
6484627188
7145292126
1608581561
6736166291
6809415238
6478205311
7303887249
6629759780
6504607916
6035504379
7510420632
5856640753
7026927425
7358786667
5444215046
5247429906
7110328997
6499835720
6945663307
7757301558
5301143874
6886267186
6657209683
5094573909
5055406255
6101759606
1810394259
7133159720
2066856492
7150199541
5832448045
6907806007
5999247753
5630379407
6235551327
6368066214
7828174760
7370859158
1895425072
6251350415
7546618762
7404704954
5577155086
6830092912
1310933558
6216584970
7524751082
5837977123
7629876558
7138265899
6857225841
5924898378
8024853549
8113810956
5594244860
7608721393
7784663380
5727621595
7206743719
6038690127
7130644966
6665037189
